 0.107	 2.000	 0.002	False
 0.114	 2.000	 0.002	False
 0.122	 2.000	 0.002	False
 0.131	 2.000	 0.002	False
 0.140	 2.000	 0.002	False
 0.149	 2.000	 0.002	False
 0.160	 2.000	 0.002	False
 0.171	 2.000	 0.002	False
 0.183	 2.000	 0.002	False
 0.195	 2.000	 0.002	False
 0.209	 2.000	 0.002	False
 0.223	 2.000	 0.002	False
 0.238	 2.000	 0.002	False
 0.255	 2.000	 0.002	False
 0.273	 2.000	 0.002	False
 0.291	 2.000	 0.002	False
 0.312	 2.000	 0.002	False
 0.333	 2.000	 0.002	False
 0.356	 2.000	 0.002	False
 0.381	 2.000	 0.002	False
 0.407	 2.000	 0.002	False
 0.435	 2.000	 0.002	False
 0.465	 2.000	 0.002	False
 0.497	 2.000	 0.002	False
 0.532	 2.000	 0.003	False
 0.569	 2.000	 0.003	False
 0.608	 2.000	 0.003	False
 0.650	 2.000	 0.003	False
 0.695	 2.000	 0.003	False
 0.743	 2.000	 0.003	False
 0.794	 2.000	 0.003	False
 0.849	 2.000	 0.003	False
 0.908	 2.000	 0.002	False
 0.971	 2.000	 0.002	False
 1.038	 2.000	 0.002	False
 1.109	 2.000	 0.002	False
 1.186	 2.000	 0.022	False
 1.268	 2.000	 0.002	False
 1.356	 2.000	 0.002	False
 1.450	 2.000	 0.002	False
 1.550	 2.000	 0.002	False
 1.657	 2.000	 0.002	False
 1.771	 2.000	 0.002	False
 1.894	 2.000	 0.002	False
 2.025	 2.000	 0.002	False
 2.165	 2.000	 0.002	False
 2.314	 2.000	 0.002	False
 2.474	 2.000	 0.002	False
 2.646	 2.000	 0.002	False
 2.828	 2.000	 0.002	False
 3.024	 2.000	 0.003	False
 3.233	 2.000	 0.003	False
 3.457	 2.000	 0.003	False
 3.695	 2.000	 0.003	False
 3.951	 2.000	 0.003	False
 4.224	 2.000	 0.003	False
 4.516	 2.000	 0.002	False
 4.828	 2.000	 0.002	False
 5.162	 2.000	 0.002	False
 5.519	 2.000	 0.002	False
 5.900	 2.000	 0.002	False
 6.308	 2.000	 0.002	False
 6.744	 2.000	 0.002	False
 7.211	 2.000	 0.002	False
 7.709	 2.000	 0.002	False
 8.242	 2.000	 0.002	False
 8.812	 2.000	 0.002	False
 9.421	 2.000	 0.002	False
10.072	 2.000	 0.002	False
10.769	 2.000	 0.003	False
11.513	 2.000	 0.002	False
12.309	 2.000	 0.002	False
13.160	 2.000	 0.002	False
14.070	 2.000	 0.002	False
15.042	 2.000	 0.002	False
16.082	 2.000	 0.002	False
17.194	 2.000	 0.002	False
18.383	 2.000	 0.002	False
19.654	 2.000	 0.003	False
21.012	 2.000	 0.003	False
22.465	 2.000	 0.003	False
24.018	 2.000	 0.003	False
25.678	 2.000	 0.003	False
27.453	 2.000	 0.003	False
29.351	 2.000	 0.003	False
31.380	 2.000	 0.002	False
33.550	 2.000	 0.002	False
35.869	 2.000	 0.002	False
38.349	 2.000	 0.002	False
41.000	 2.000	 0.002	False
43.834	 2.000	 0.002	False
46.864	 2.000	 0.002	False
50.104	 2.000	 0.002	False
53.568	 2.000	 0.002	False
57.271	 2.000	 0.002	False
61.230	 2.000	 0.002	False
65.463	 2.000	 0.002	False
69.989	 2.000	 0.002	False
74.827	 2.000	 0.002	False
80.000	 2.000	 0.002	False
